GOOGLE_API = AIzaSyC1w8NSfjIMAuP6stl7MBooF7HhdkbT8fo
YOUR_LATITUDE = 26.618616104125977
YOUR_LONGITUDE = -80.16899108886719
YOUR_ZOOM_LEVEL = 14